1001034975
1001072238
1001036472
1001065336
1001065396
1001065397
1001065398
1001065399
1001069086
1001065400
1001065401
1001065402
1001065405
1001065403
1001065404
1001065407
1001070748
1001071071
1001071074
1001071076
1001065408
1001076831
1001030082
1001076834
1001030083
1001065741
1001030084
1001030085
1001036474
1001065729
1001065005
1001065325
1001065328
1001065329
1001065332
1001065333
1001065335
1001076835
1001065409
1001065410
1001065411
1001065412
1001076839
1001036473
1001029919
1001065742
1001068245
1001034981
1001068242
1001039715
1001039718
1001039719
1001068253
1001030086
1001030087
1001076840
1001077274
1001076841
1001077275
1001034985
1001069554
1001029981
1001039771
1001039773
1001039775
1001069555
1001077039
1001077040
1001077041
1001077042
1001077043
1001077044
1001077045
1001038849
1001029920
1001036475
1001069556
1001029923
1001038851
1001041145
1001041148
1001041149
1001030088
1001029926
1001030025
1001029928
1001035335
1001091691
1001068954
1001068282
1001029929
1001077046
1001041152
1001041153
1001041157
1001035345
1001034986
1001030089
1001030090
1001067765
1001067766
1001067767
1001076830
1001035348
1001091849
1001030091
1001030092
1001065744
1001065747
1001065748
1001065749
1001030093
1001069509
1001069511
1001069515
1001041161
1001041162
1001041163
1001069517
1001069519
1001069522
1001077252
1001070176
1001070177
1001034987
1001041168
1001041170
1001041172
1001041173
1001041176
1001035461
1001035463
1001029931
1001069537
1001069538
1001069539
1001035464
1001035507
1001072256
1001077277
1001077279
1001077280
1001153749
1001030094
1001034989
1001077254
1001077255
1001077256
1001041182
1001041183
1001041186
1001041187
1001041189
1001041190
1001041192
1001041193
1001041195
1001041197
1001041199
1001041276
1001041277
1001041278
1001077257
1001067461
1001068958
1001035508
1001069970
1001036507
1001041385
1001041386
1001041387
1001041388
1001036508
1001036510
1001036619
1001069971
1001041690
1001041691
1001041692
1001069551
1001070690
1001070178
1001077258
1001030095
1001069552
1001030096
1001072033
1001035051
1001029933
1001029934
1001030029
1001038853
1001038855
1001035053
1001035048
1001035050
1001041693
1001041694
1001041695
1001070693
1001070694
1001077259
1001029935
1001041279
1001041280
1001041281
1001041282
1001041283
1001041284
1001035052
1001035054
1001069395
1001069396
1001069397
1001069398
1001030074
1001069557
1001077260
1001067396
1001069969
1001035509
1001035118
1001077261
1001068095
1001036620
1001077262
1001038384
1001035511
1001035512
1001035513
1001035514
1001070698
1001070701
1001070702
1001070703
1001070706
1001070708
1001070713
1001070719
1001070722
1001077263
1001077264
1001077265
1001077302
1001077303
1001077304
1001077305
1001077306
1001153751
1001153752
1001153753
1001070167
1001035613
1001035618
1001035621
1001035785
1001067443
1001035881
1001035883
1001035884
1001035886
1001035888
1001035889
1001035890
1001067452
1001035895
1001035901
1001035903
1001035905
1001035907
1001035910
1001035913
1001035914
1001067453
1001036465
1001036469
1001036470
1001036471
1001070179
1001069399
1001069400
1001069401
1001035123
1001029937
1001067768
1001067769
1001067770
1001029938
1001029939
1001041669
1001041670
1001041671
1001077266
1001029986
1001035126
1001067777
1001072331
1001072338
1001072342
1001030031
1001036621
1001069558
1001035346
1001030010
1001030015
1001068012
1001068015
1001068021
1001029954
1001041285
1001041286
1001041287
1001041288
1001041289
1001041290
1001062977
1001062979
1001062981
1001029957
1001069391
1001038856
1001039037
1001070168
1001068968
1001039046
1001070084
1001039070
1001039073
1001035158
1001035159
1001035307
1001035309
1001035310
1001092579
1001092580
1001092581
1001092582
1001035312
1001035313
1001035347
1001069541
1001035381
1001035386
1001035393
1001035397
1001035403
1001029958
304000000
1001035444
1001077273
1001029960
1001029962
1001069559
1001069560
1001069561
1001039864
1001068027
1001039862
1001039860
1001039858
1001029964
1001035315
1001029965
304000001
1001036622
1001039856
1001069562
1001069563
1001069564
1001069565
1001069566
1001077276
1001041672
1001041673
1001041674
1001041675
1001039792
1001039789
1001029966
1001092584
1001041687
1001041688
1001041689
1001039788
1001039785
1001077278
1001039784
1001069325
1001029967
1001029968
1001029969
1001041292
1001041293
1001041294
1001029983
1001039783
1001039077
1001039782
1001070169
1001077288
1001039780
1001030022
1001039778
1001039777
1001039776
1001095244
1001091852
1001095253
1001039707
1001039709
1001039710
1001039712
1001039706
1001077308
1001039510
1001039878
1001039879
1001039881
1001077319
1001069582
1001039503
1001041295
1001041296
1001041297
1001041298
1001039430
1001039429
1001039428
1001029970
1001039427
1001039426
1001039405
1001039401
1001039398
1001039395
1001077332
1001029977
1001039392
1001039270
1001029985
1001039267
1001029975
1001039250
1001072366
1001069326
1001069327
1001069328
1001069329
1001039243
1001030027
1001039246
1001069330
1001069331
1001069332
1001069333
1001069334
1001069335
1001030034
1001039242
1001077336
1001041299
1001041300
1001041301
1001039240
1001039148
1001091854
1001070075
1001070077
1001070081
1001039144
1001070105
1001070108
1001090814
1001090815
1001090816
1001070095
1001070111
1001091856
1001070099
1001077347
1001070170
1001069376
1001029979
1001077349
1001041697
1001039141
1001039138
1001038385
1001069972
1001069973
1001039133
1001038386
1001038387
1001038388
1001071508
1001038638
1001038640
1001071520
1001041684
1001041685
1001041686
1001069976
1001041389
1001041390
1001041391
1001041392
1001041676
1001041677
1001041678
1001041679
1001041680
1001041681
1001041682
1001041683
1001077353
1001077356
1001077360
1001077362
1001077363
1001071594
1001068101
1001071595
1001069378
1001039079
1001104966
1001039081
1001039084
1001039085
1001077394
1001077398
1001039087
1001039089
1001077400
1001070085
1001069543
1001077401
1001077403
1001077407
1001077409
1001070171
1001035032
1001068002
1001070172
1001077413
1001104628
1001104646
1001104651
1001104661
1001104664
1001104668
1001104672
1001035029
1001035024
1001035021
1001039132
1001069584
1001091858
1001091860
1001091862
1001091864
1001091866
1001091867
1001069553
1001077468
1001077470
1001091870
1001091871
1001091872
1001091873
1001091874
1001070173
1001070174
1001070687
1001039128
1001039126
1001039118
1001076829
1001030051
1001030050
1001039117
1001039116
1001039115
1001039506
1001069402
1001069975
1001069962
1001068006
1001069380
1001068008
1001069963
1001030097
1001108685
1001108695
1001108696
1001108968
1001108970
1001108978
1001108984
1001069544
1001039873
1001039874
1001039875
1001039876
1001039877
1001030102
1001030049
1001030047
1001069964
1001069965
1001030103
1001030046
1001071719
1001041302
1001041303
1001041304
1001041305
1001030043
1001030104
1001030042
1001029998
1001070087
1001029997
1001030076
1001069381
1001029996
1001041370
1001041371
1001041372
1001029995
1001041373
1001071829
1001071830
1001029994
1001029993
1001029992
1001029991
1001030105
1001109168
1001029990
1001029989
1001029988
1001069382
1001029987
1001069394
1001029984
1001069384
1001030106
1001030073
1001076842
1001029982
1001069385
1001030072
1001041374
1001041375
1001041376
1001041377
1001041378
1001070420
1001070425
1001070431
1001070436
1001070440
1001070451
1001070453
1001070456
1001070459
1001070467
1001070477
1001070479
1001070481
1001070484
1001070660
1001070663
1001070494
1001070661
1001070667
1001070671
1001070683
1001070685
1001070686
1001070688
1001070689
1001070691
1001070692
1001070695
1001070696
1001070697
1001070699
1001070700
1001070704
1001070705
1001070707
1001070709
1001070710
1001070711
1001070712
1001070714
1001070715
1001070716
1001070717
1001070718
1001070720
1001070721
1001070730
1001070732
1001070736
1001070737
1001070738
1001070740
1001070742
1001071902
1001071904
1001029980
1001036672
1001069579
1001036673
1001067980
1001067981
1001067984
1001036674
1001067771
1001036675
1001153844
1001036676
1001036677
1001030071
1001030069
1001029978
1001030066
1001069546
1001069393
1001029945
1001030056
1001029944
1001041379
1001041380
1001041381
1001041696
1001069545
1001036681
1001036682
1001069966
1001036683
1001036684
1001029943
1001069550
1001069967
1001029942
1001039090
1001069968
1001030054
1001030053
1001041382
1001041383
1001041384
1001029941
1001069549
1001035005
1001071982
1001071987
1001109247
1001109252
1001109256
1001109262
1001109265
1001109269
1001109427
1001109434
1001109441
1001109444
1001092115
1001092117
1001092118
1001092119
1001092122
1001092124
1001092126 
1001092131
1001092483
1001092486
1001092487
1001092490
1001092493
1001092494
1001092495
1001092498
1001092499
1001092500
1001091715
1001092501
1001092502
1001092504
1001092505
1001092506
1001092507
1001092508
1001092509
1001092510
1001092511
1001092512
1001092012
1001068071
1001091739
1001091740
1001068073
1001092016
1001092017
1001068078
1001092014
1001092513
1001092514
1001092515
1001111569
1001111572
1001111573
1001111575
1001111576
1001114638
1001111578
1001111579
1001111580
1001111581
1001111583
1001114639
1001111584
1001111585
1001111587
1001111588
1001111589
1001111590
1001111591
1001111627
1001111628
1001111629
1001111630
1001114650
1001111631
1001111632
1001111633
1001113656
1001113663
1001113669
1001092569
1001092570
1001092571
1001092572
1001092573
1001092574
1001092575
1001092576
1001092577
1001092015
1001087591
1001100281
1001100282
1001092544
1001092545
1001092546
1001092547
1001092548
1001092549
1001092550
1001092551
1001092552
1001092553
1001092554
1001092555
1001092556
1001092557
1001092558
1001092559
1001092560
1001092561
1001092562
1001092563
1001092564
1001092565
1001092566
1001092567
1001092568
1001123968
1001111714
1001111721
1001111730
1001111734
1001111742
1001111745
1001111748
1001111755
1001111978
1001111990
1001112004
1001112015
1001112021
1001112026
1001112031
1001112034
1001092522
1001092523
1001092524
1001092525
1001092526
1001092527
1001092528
1001092529
1001092530
1001092531
1001092532
1001092533
1001092534
1001092535
1001092536
1001092537
1001092538
1001092539
1001092540
1001092541
1001092542
1001092543
1001109931
1001110152
1001110153
1001110171
1001110208
1001110238
1001110332
1001110334
1001110335
1001110337
1001110345
1001110361
1001113069
1001113070
1001113071
1001113072
1001113073
1001113074
1001113080
1001113082
1001113083
1001124060
1001124075
1001124076
1001124078
1001124079
1001124080
1001124082
1001124083
1001109230
1001113094
1001113099
1001113107
1001113093
1001113084
1001113089
1001124067
1001113091
1001113087
1001068087
1001068946
1001068947
1001068948
1001068949
1001068951
1001068955
1001068956
1001068957
1001068959
1001068960
1001068961
1001068962
1001068963
1001068964
1001068286
1001068287
1001068288
1001068289
1001068313
1001068315
1001068316
1001068323
1001068346
1001068350
1001068375
1001068377
1001068389
1001068406
1001068420
1001068422
1001068429
1001068434
1001068438
1001068440
1001068442
1001068858
1001068860
1001068862
1001068865
1001068867
1001068870
1001068890
1001068893
1001068908
1001068914
1001068916
1001068918
1001068919
1001068920
1001068921
1001068923
1001068926
1001068928
1001068929
1001068931
1001068935
1001068936
1001068939
1001068942
1001068943
1001068944
1001068945
1001123374
1001123565
1001123574
1001123580
1001123581
1001123583
1001123598
1001123600
1001123604
1001123605
1001123609
1001123611
1001123613
1001123614
1001123615
1001068966
1001068967
1001069377
1001069379
1001069449
1001069460
1001069463
1001069468
1001069470
1001069473
1001069476
1001069477
1001069482
1001069485
1001069488
1001069489
1001069491
1001069492
1001069495
1001069496
1001069497
1001069499
1001069501
1001069502
1001069503
1001069504
1001069505
1001069527
1001069528
1001069529
1001069530
1001069531
1001069532
1001069533
1001069534
1001069540
1001069542
1001069548
1001069567
1001069568
1001069569
1001069570
1001069571
1001069572
1001069573
1001069574
1001069575
1001069576
1001069577
1001069578
1001069580
1001069581
1001069583
1001069585
1001069586
1001069587
1001069588
1001069589
1001069590
1001069591
1001112130
1001112133
1001112135
1001112136
1001112139
1001112140
1001112142
1001069592
1001069593
1001069594
1001069595
1001069596
1001069597
1001069598
1001069599
1001069600
1001069601
1001069626
1001069901
1001069902
1001069904
1001069906
1001069908
1001069910
1001072048
1001065391
1001065392
1001065393
1001065394
1001065395
1001069087
1001065414
1001069088
1001065426
1001065421
1001065422
1001065423
1001065424
1001065425
1001065429
1001065430
1001065431
1001065432
1001070623
1001070624
1001070625
1001065433
1001065434
1001065436
1001065437
1001065438
1001065439
1001077281
1001077282
1001077283
1001077284
1001077285
1001077286
1001077287
1001123638
1001123651
1001123655
1001123663
1001123666
1001123670
1001072093
1001065440
1001065486
1001065490
1001077518
1001077522
1001077523
1001069403
1001029940
1001092013
1001077290
1001077291
1001077292
1001077293
1001077504
1001077505
1001077508
1001077512
1001077514
1001077517
1001065499
1001065502
1001065498
1001109862
1001065503
1001077524
1001077559
1001077560
1001077561
1001109824
1001109827
1001109829
1001109835
1001109838
1001109843
1001109844
1001109849
1001109852
1001109854
1001109856
1001109858
1001154028
1001109874
1001109890
1001109903
1001154029
1001109912
1001109917
1001109870
1001109921
1001109923
1001038650
1001038643
1001038647
1001072149
1001069914
1001069916
1001069918
1001069919
1001069920
1001069921
1001069923
1001069924
1001069925
1001069926
1001069927
1001069928
1001069931
1001069932
1001069933
1001069935
1001069937
1001069940
1001069941
1001069942
1001069944
1001069945
1001069947
1001069949
1001069950
1001069957
1001069958
1001069959
1001069960
1001069961
1001113198
1001113200
1001113202
1001113205
1001113217
1001113221
1001124141
1001124142
1001124143
1001124144
1001124145
1001069404
1001112240
1001112242
1001112245
1001112247
1001113651
1001123718
1001123733
1001123740
1001123745
1001123755
1001123756
1001123760
1001123762
1001123763
1001123766
1001124089
1001124093
1001145406
1001124100
1001124090
1001124106
1001124129
1001124130
1001124131
1001124132
1001124133
1001124134
1001124135
1001124136
1001124138
1001069405
1001123327
1001123892
1001123902
1001123901
1001123906
1001123910
1001123896
1001123898
1001123899
1001124103
1001124101
1001123912
1001123915
1001123916
1001123926
1001123934
1001123941
1001123946
1001123956
1001123959
1001123961
1001123962
1001123969
1001123980
1001123982
1001123987
1001124137
1001123994
1001124004
1001124007
1001124043
1001124046
1001124052
1001124055
1001124140
1001124065
1001124068
1001124069
1001124070
1001124073
1001065711
1001065713
1001065722
1001145627
1001092516
1001092517
1001092518
1001092519
1001092520
1001092521
1001065535
1001065536
1001065538
1001065539
1001065553
1001065558
1001065559
1001065561
1001065564
1001065708
1001065709
1001091653
1001091654
1001091655
1001091656
1001091657
1001091658
1001091659
1001091660
1001091661
1001091662
1001091663
1001091664
1001091596
1001091598
1001091602
1001091601
1001091604
1001091609
1001091614
1001091619
1001091620
1001091623
1001092123
1001091625
1001092127
1001092129
1001091629
1001091632
1001091635
1001091666
1001091667
1001091668
1001091670
1001091671
1001091672
1001091673
1001091674
1001091675
1001091676
1001091677
1001091678
1001091679
1001091680
1001091681
1001091682
1001091683
1001091688
1001091689
1001091693
1001091694
1001094548
1001091695
1001091599
1001091613
1001091669
1001091684
1001091686
1001091690
1001091692
1001091696
1001091697
1001091698
1001091699
1001091703
1001091704
1001091705
1001091706
1001091707
1001091708
1001091709
1001091710
1001091713
1001091720
1001091725
1001094575
1001091728
1001091724
1001091726
1001091734
1001091735
1001091736
1001091737
1001091738
1001067478
1001067480
1001067481
1001067482
1001067483
1001067484
1001067606
1001067607
1001067608
1001067609
1001067610
1001067611
1001067612
1001067613
1001067614
1001067615
1001067616
1001067617
1001067618
1001067619
1001067620
1001071495
1001071502
1001071505
1001071506
1001071519
1001071522
1001071535
1001071538
1001071543
1001071544
1001071547
1001071588
1001071598
1001071602
1001071605
1001071613
1001071616
1001071618
1001071619
1001071620
1001071621
1001071622
1001071623
1001071624
1001071625
1001071626
1001071627
1001071628
1001071629
1001071662
1001071663
1001071668
1001071670
1001071671
1001071673
1001071674
1001071677
1001071680
1001071687
1001071692
1001071694
1001071696
1001071701
1001071705
1001071712
1001071720
1001071839
1001067502
1001094544
1001094542
1001094539
1001094538
1001094535 
1001094534
1001094532
1001094531
1001094528
1001094525
1001094523
1001094521
1001067471
1001067475
1001067476
1001067477
1001072151
1001087961
1001087991
1001088008
1001088011
1001072099
1001092142
1001092143
1001092144
1001092145
1001092146
1001092147
1001092148
1001092149
1001092151
1001092152
1001092153
1001092154
1001092155
1001092156
1001092157
1001092158
1001092159
1001092160
1001092161
1001092583
1001067778 
1001109259 
1001157172 
1001157173 
1001157174
1001092583
1001067778
1001109259
1001157172
1001157173
1001157174
1001109425
1001157175
