0
1001084339
1001084349
1001084371
1001084477
1001084478
1001084482
1001084484
1001084488
1001084491
1001084492
1001218254
1001218263
1001218271
1001218275
1001218281
1001218289
1001218296
1001218344
1001218356
1001218361
1001218366
1001218371
1001218372
1001218376
1001218382
1001218388
1001218394
1001218396
1001084786
1001084788
1001084820
1001084792
1001084862
1001084863
1001084864
1001084865
1001084904
1001084905
1001084929
1001084930
1001084931
1001084932
1001084933
1001084934
1001084935
1001084936
1001084937
1001084938
1001084939
1001084940
1001084941
1001084942
1001084943
1001084944
1001091975
1001085546
1001085550
1001085554
1001085556
1001085559
1001085560
1001085562
1001085564
1001085687
1001085693
1001085704
1001085711
1001087030
1001086020
1001086035
1001086036
1001091972
1001086037
1001086038
1001086042
1001086048
1001087032
1001086049
1001086051
1001086055
1001086056
1001086057
1001086058
1001084784
1001086059
1001086060
1001086061
1001086062
1001086063
1001086064
1001086065
1001086066
1001086067
1001086437
1001086439
1001086442
1001086915
1001086931
1001086076
1001086932
1001086934
1001086936
1001086938
1001218587
1001086940
1001086942
1001086969
1001087022
1001087024
1001095275
1001095283
1001095284
1001095287
1001095298
1001095297
1001218691
1001218700
1001218708
1001218710
1001218713
1001218723
1001218735
1001218737
1001218744
1001218745
1001218753
1001218755
1001218758
1001218761
1001218771
1001218774
1001218776
1001218780
1001218784
1001218833
1001218874
1001218906
1001218925
1001218938
1001218943
1001218948
1001218955
1001218968
1001218970
1001218979
1001218980
1001218982
1001218987
1001218989
1001218994
1001218996
1001219046
1001219063
1001219077
1001219091
1001219081
1001219112
1001219119
1001219124
1001219126
1001219136
1001219137
