0
1001070130
1001070135
1001070137
1001070139
1001070140
1001070141
1001070142
1001070143
1001070144
1001070145
1001070147
1001070148
1001070151
1001070152
1001070153
1001070154
1001077253
1001095268
1001070166
1001067405
1001036476
1001035510
1001219149
1001035615
1001226256
1001226257
1001070682
1001070684
1001092254
1001077369
1001077370
1001077373
1001077374
1001077378
1001077382
1001077385
1001077387
1001077388
1001077390
1001067985
1001067986
1001067994
1001067997
1001067998
1001092101
1001092103
1001092105
1001092109
1001106393
1001106431
1001106434
1001106435
1001106436
1001106437
1001106438
1001077418
1001077420
1001077422
1001077424
1001077425
1001077429
1001077430
1001077431
1001077434
1001077435
1001077436
1001077440
1001077442
1001077445
1001077446
1001077447
1001077448
1001077449
1001077450
1001077451
1001077452
1001077455
1001077456
1001077458
1001077461
1001077462
1001070175
1001070092
1001071848
1001092110
1001039880
1001039882
1001092113
1001218997 
1001092253
1001088574
1001094876
1001088844
1001088012 
1001088014 
1001088015
1001088524  
1001088559
1001088565  
1001088566
1001100417
1001100419 
1001088571
1001088572
1001064783 
1001064386
1001067779
1001091855
1001077460 
1001270408 
1001091711
1001091712
1001271121
1001271122
1001271123
1001271124
1001271125
1001271126
1001271127
1001271128
1001271129
1001271130
1001271131
1001271132
1001271133
1001271134
1001219052 
1001219079
1001219078
1001219075
1001092255
1001216900
1001069974
1001216901
1001113062
1001113064
1001113065
1001113066
1001113067
1001113068
1001064390 
1001123778
1001123779
1001124139
1001092256
1001218767
1001218775
1001218777
1001218778
1001218781
1001218782
1001218783
1001218785
1001218786
1001218787
1001218788
1001091741
1001091742
1001091743
1001094300
1001094303
1001094304
1001094306
1001091744
1001091745
1001091746
1001094310
1001094313
1001094314
1001094318
1001094322
1001092140
1001092137
1001092138
1001092139
1001092136
1001092132
1001092130
1001092125
1001091665
1001091616
1001091622
1001091685
1001091687
1001218973
1001218976
1001218977
1001076163
1001076164
1001076165
1001076168
1001076306
1001076314
1001076317
1001076386
1001076393
1001076325
1001076394
1001076395
1001076396
1001076397
1001076398
1001076399
1001076400
1001076401
1001076411
1001076417
1001076418
1001076419
1001076421
1001076430
1001076431
1001076432
1001076433
1001076496
1001076501
1001076502
1001076503
1001076504
1001076506
1001076507
1001076508
1001076510
1001076511
1001076512
1001076515
1001076516
1001076517
1001076520
1001076523
1001076525
1001076529
1001076533
1001076539
1001076543
1001076554
1001076570
1001123664
1001076817
1001076818
1001076819
1001076820
1001076821
1001076832
1001076833
1001076836
1001076837
1001076838
1001076860
1001076862
1001076864
1001076865
1001076867
1001076868
1001076870
1001076872
1001076876
1001076877
1001076910
1001076911
1001076913
1001076916
1001076918
1001076919
1001076924
1001076927
1001076928
1001076933
1001077026
1001077028
1001077029
1001077031
1001077032
1001077033
1001077034
1001077035
1001077038
1001087415
1001087423
1001087438
1001087439
1001087442
1001087446
1001087449
1001087450
1001087452
1001087453
1001087455
1001087457
1001087461
1001087526
1001087531
1001087537
1001087542
1001087543
1001087582
1001087584
1001087585
1001087587
1001087589 
1001100398
1001100399
1001100405
1001100416
1001265016
1001065337
1001065341
1001065342
1001065343
1001065346
1001065348
1001065349
1001065350
1001065354
1001065355
1001065357
1001065360
1001065361
1001065363
1001065364
1001065365
1001065367
1001065369
1001065370
1001065371
1001065373
1001065375
1001065376
1001065378
1001065379
1001065380
1001065381
1001065382
1001065383
1001065384
1001065385
1001065386
1001065387
1001065388
1001065389
1001066359
1001066417
1001066418
1001066419
1001066420
1001066421
1001066422
1001066423
1001066424
1001066425
1001066426
1001066427
1001066428
1001066429
1001066430
1001066431
1001066432
1001066433
1001066434
1001066435
1001066436
1001066437
1001066438
1001066445
1001066446
1001066447
1001066448
1001066449
1001066450
1001066451
1001066452
1001066453
1001066454
1001066455
1001066456
1001066457
1001066458
1001066459
1001066461
1001066462
1001063011
1001063038
1001063146
1001063153
1001063160
1001063180
1001063193
1001063196
1001063200
1001063201
1001063203
1001063204
1001063205
1001063206
1001063284
1001063295
1001063315
1001063333
1001063340
1001063342
1001063351
1001063729
1001063730
1001063731
1001063742
1001063744
1001063746
1001063752
1001063821
1001063825
1001063829
1001063831
1001064066
1001064073
1001064077
1001064083
1001064085
1001064096
1001064100
1001064153
1001064154
1001064155
1001064168
1001064172
1001064251
1001064252
1001064253
1001064256
1001064377
1001064385
1001064389
1001064393
1001064395
1001064399
1001064401
1001064405
1001064443
1001064457
1001064466
1001064471
1001064477
1001064478
1001064481
1001064483
1001064617
1001064618
1001064619
1001064620
1001064621
1001064622
1001064623
1001064624
1001064626
1001064627
1001064628
1001064631
1001064632
1001064635
1001064641
1001064658
1001064663
1001064666
1001064670
1001064677
1001064678
1001064680
1001064683
1001064689
1001064697
1001064698
1001064705
1001064708
1001064741
1001064742
1001064743
1001064744
1001064745
1001064757
1001064763
1001064766
1001064767
1001064768
1001064769
1001064770
1001064771
1001064772
1001064773
1001064774
1001064776
1001064780
1001064781
1001064782
1001064784
1001071853
1001071898
1001071901
1001071905
1001071906
1001071910
1001071915
1001071917
1001071918
1001071920
1001071921
1001071932
1001071935
1001071940
1001071942
1001071943
1001071944
1001072240
1001072241
1001123526
1001072243
1001072244
1001072245
1001072248
1001072249
1001072250
1001072251
1001072252
1001072253
1001072254
1001072255
1001072257
1001072258
1001072259
1001072260
1001072261
1001072263
1001072264
1001072266
1001072297
1001072298
1001072299
1001072301
1001072307
1001072308
1001072311
1001072313
1001072315
1001072317
1001072318
1001072320
1001072321
1001072323
1001072325
1001072326
1001072328
1001072330
1001072332
1001072334
1001072337
1001072339
1001072341
1001072343
1001072344
1001072346
1001072347
1001072349
1001072352
1001072353
1001072355
1001072356
1001072358
1001072359
1001072361
1001071992
1001071996
1001071999
1001123510
1001123557
1001072001
1001072365
1001072369
1001072371
1001072373
1001072374
1001072378
1001072382
1001072384
1001072385
1001072386
1001072387
1001072389
1001072390
1001072391
1001072392
1001072393
1001072394
1001072395
1001072396
1001072397
1001072398
1001072399
1001072008
1001072161
1001092166
1001092167
1001092168
1001092169
1001092170
1001092171
1001066772
1001094662
1001094665
1001094668 	
1001094700
1001094704
1001094711 	
1001094761 	
1001094769 
1001094776 
1001094789 
1001094796	
1001094803
1001066782
1001066787
1001066828
1001066830
1001066832
1001066833
1001068999
1001069000
1001069001
1001069002
1001069003
1001069004
1001069005
1001069006
1001069007
1001069008
1001069009
1001069010
1001069011
1001069012
1001069013
1001069014
1001069015
1001069016
1001069017
1001069018
1001069019
1001069020
1001069021
1001069022
1001069023
1001069024
1001069025
1001069026
1001069027
1001069028
1001069029
1001069030
1001069031
1001069032
1001069033
1001069034
1001069035
1001069036
1001069037
1001069038
1001069039
1001069040
1001069041
1001069042
1001069043
1001069044
1001069045
1001069046
1001069047
1001069048
1001069052
1001069053
1001069054
1001069055
1001069056
1001069057
1001069058
1001069059
1001069060
1001069061
1001069062
1001069063
1001069064
1001069065
1001069066
1001069067
1001069068
1001069069
1001069070
1001069071
1001069072
1001069073
1001069074
1001069075
1001069076
1001069077
1001069078
1001069079
1001069081
1001069082
1001069083
1001069084
1001069085
1001069089
1001069090
1001069091
1001069092
1001069093
1001069094
1001069095
1001069096
1001069097
1001069098
1001069099
1001069105
1001069106
1001069107
1001069108
1001069109
1001069110
1001069112
1001069113
1001069114
1001069115
1001069116
1001069124
1001069125
1001069127
1001069128
1001069130
1001069131
1001069132
1001069133
1001069135
1001069139
1001069142
1001069143
1001069145
1001069147
1001069149
1001069152
1001069187
1001069188
1001069198
1001069199
1001069226
1001069228
1001069231
1001069233
1001069371
1001069372
1001069373
1001069374
1001072049
1001094811
1001094812
1001094814
1001094818
1001094859
1001094860
1001094864
1001094870
1001094874
1001094883
1001094889
1001094898
1001094959
1001099659
1001099660
1001099662
1001099664
1001099665
1001099668
1001099669
1001099670
1001099672
1001099673
1001099674
1001099676
1001099677
1001099681
1001099682
1001216260
1001216261
1001099684
1001099685
1001216262
1001099686
1001216263
1001099687
1001216264
1001099688
1001099707
1001099708
1001099713
1001099717
1001099721
1001099723
1001099724
1001099739
1001099740
1001099742
1001099743
1001099744
1001099745
1001099746
1001099747
1001099748
1001099749
1001099768
1001099769
1001099770
1001099771
1001099772
1001099805
1001099807
1001099809
1001216266
1001099815
1001216268
1001216269
1001099817
1001216270
1001099818
1001216271
1001216272
1001216273
1001099819
1001099820
1001099823
1001100041
1001100043
1001100047
1001100056
1001100088
1001100279
1001100280
1001067403
1001067406
1001067408
1001067410
1001067411
1001087714
1001095233
1001095236
1001087772
1001087776
1001087719
1001087742
1001087770
1001087765
1001095226
1001095239
1001270410
1001088845
1001088846
1001088854
1001088847
1001088855
1001091124
1001091169
1001091406
1001091411
1001091416
1001091422
1001091424
1001091427
1001091430
1001091435
1001091441
1001091442
1001091445
1001091451
1001091455
1001091463
1001091465
1001091468
1001091473
1001091480
1001091482
1001091486
1001091489
1001091499
1001091505
1001091510
1001091514
1001091527
1001091531
1001091533
1001091563
1001091570
1001091571
1001091579
1001099739
1001218571
1001218580
1001072164
1001072037
1001072168
1001072170
1001072172
1001072174
1001072191
1001072193
1001072194
1001072198
1001072199
1001072200
1001072206
1001072207
1001072211
1001072215
1001072220
1001072223
1001072224
1001072234
